Polycrystalline Mg-Perovskite CPO VPSC Shear Strain 3.46 P=30 GPa                                                    
Elastic tensor at P=38GPa T=3500K Mainprice Fig.7 EPSL (not published)                                                     
  4.7230  4.8360  6.7470 90.0000 90.0000 90.00001
  5.5452  2.2223  2.1648 -0.0013 -0.0009  0.0146
  2.2223  5.5663  2.2691  0.0005  0.0001  0.0088
  2.1648  2.2691  5.5346  0.0036  0.0014  0.0537
 -0.0013  0.0005  0.0036  1.6825  0.0032 -0.0033
 -0.0009  0.0001  0.0014  0.0032  1.6779 -0.0012
  0.0146  0.0088  0.0537 -0.0033 -0.0012  1.6200
