Polycrystalline Mg-Perovskite CPO VPSC Shear Strain 3.46 P=100 GPa                                                    
Elastic tensor at P=88 GPaT=1500K Mainprice Fig.8 EPSL (not published)                                                         
  4.4350  4.6550  6.4200 90.0000 90.0000 90.00001
  9.1604  3.8255  3.6987  0.0009  0.0042  0.1939
  3.8255  9.5831  3.9048  0.0040  0.0080  0.0785
  3.6987  3.9048  9.1323  0.0013 -0.0023  0.1692
  0.0009  0.0040  0.0013  2.7478  0.0218 -0.0026
  0.0042  0.0080 -0.0023  0.0218  2.7292  0.0048
  0.1939  0.0785  0.1692 -0.0026  0.0048  2.6681
