Polycrystalline Mg-Perovskite CPO VPSC Shear Strain 1.73 P=100 GPa                                                    
Elastic tensor at P=88 GPaT=1500K Mainprice Fig.8 EPSL row 1                                                           
  4.4350  4.6550  6.4200 90.0000 90.0000 90.00001
  8.9802  3.8727  3.6716  0.0018 -0.0014  0.0432
  3.8727  9.5455  3.9438  0.0071  0.0056  0.0031
  3.6716  3.9438  9.2042 -0.0008 -0.0045  0.0296
  0.0018  0.0071 -0.0008  2.7460  0.0056  0.0001
 -0.0014  0.0056 -0.0045  0.0056  2.7171  0.0008
  0.0432  0.0031  0.0296  0.0001  0.0008  2.7464
